0	12	22	9999	9999	9999	9999	9999	15	9999
12	0	9999	19	11	9999	9999	9999	9999	9999
22	9999	0	10	9999	9999	15	8	9999	9999
9999	19	10	0	9999	11	3	9999	9999	9999
9999	11	9999	9999	0	5	9999	9999	19	9999
9999	9999	9999	11	5	0	9999	9999	7	9999
9999	9999	15	3	9999	9999	0	9999	16	8
9999	9999	8	9999	9999	9999	9999	0	9999	1
15	9999	9999	9999	19	7	16	9999	0	14
9999	9999	9999	9999	9999	9999	8	1	14	0
